data6
6
 -1  81  50  18  75  39 
 81  -1  76  21  37  26
 50  76  -1  24  14  58 
 18  21  24  -1  19  58
 75  37  14  19  -1  31
 39  26  58  58  31  -1 
